-77.1833989834	3.83125	-176.6216402304
-76.5601365543	3.8859375	-176.5591267339
-77.4319221565	3.815625	-176.6392859403
-76.5737444929	3.8859375	-176.5603246832
-77.2899201935	3.8015625	-176.6488455596
-77.4324547884	3.7953125	-176.6584078907
-78.1907070028	3.7375	-176.7252597545
-76.5367655916	3.8703125	-176.57244947
-76.4234345067	3.896875	-176.5467528083
-77.4760426036	3.796875	-176.6578075337
-76.8825201919	3.8640625	-176.5868052073
-77.8033240465	3.76875	-176.6895415604
-77.6484795814	3.778125	-176.6786761309
-77.2602018911	3.8203125	-176.6323086502
-76.9022049407	3.8359375	-176.6099851019
-76.8278989725	3.853125	-176.5940727995
-77.5532856527	3.7921875	-176.6632931222
-76.7266921127	3.871875	-176.5757287394
-77.6444245708	3.79375	-176.6646696007
-77.781612861	3.7875	-176.6725087429
-77.5423986379	3.7921875	-176.6629583179
-77.7109936221	3.7953125	-176.6654878811
-76.5924761802	3.88125	-176.5643025064
-77.2756829475	3.8109375	-176.6405433126
-76.9254291371	3.8671875	-176.5843536547
-76.9734136858	3.8671875	-176.5855620134
-76.7848183777	3.865625	-176.5824489707
-76.6183244636	3.8796875	-176.5658670515
-77.4295267746	3.803125	-176.6505700944
-76.5253356815	3.8859375	-176.5590509554
-76.9811456996	3.846875	-176.603289314
-76.6663012068	3.8640625	-176.5802248062
-77.3523860132	3.821875	-176.6337540441
-76.8799284466	3.865625	-176.5849719328
-77.28405851	3.8203125	-176.6328962968
-76.580838156	3.8890625	-176.5579124241
-76.3508472001	3.9046875	-176.5378023923
-76.8226029008	3.85625	-176.5904068658
-76.5460562089	3.89375	-176.5499820449
-76.5731602191	3.878125	-176.5664023447
