-12.2820810869	7.6625	-165.5831538678
-11.9311679625	7.771875	-165.3856902089
-12.4551256647	7.63125	-165.6154786287
-11.9222131136	7.771875	-165.3697374937
-12.3675003412	7.603125	-165.6893042198
-12.4308711065	7.590625	-165.6719302733
-12.8695733435	7.475	-165.91038748
-11.9168629373	7.740625	-165.4118170626
-11.8453542391	7.79375	-165.3412350526
-12.45940584	7.59375	-165.6794583908
-12.0949729318	7.728125	-165.4709085392
-12.6482608477	7.5375	-165.7818409255
-12.5454956791	7.55625	-165.7466407896
-12.3386776734	7.640625	-165.6083006693
-12.1454090772	7.671875	-165.5375793361
-12.0855582496	7.70625	-165.4825942753
-12.5099177702	7.584375	-165.7081665901
-12.0186450743	7.74375	-165.4304632203
-12.5473417672	7.5875	-165.702484288
-12.6383202684	7.575	-165.7324196156
-12.5055713145	7.584375	-165.6888762588
-12.5710824411	7.590625	-165.7135144832
-11.9439896069	7.7625	-165.3792386977
-12.3543652019	7.621875	-165.6320660646
-12.132134634	7.734375	-165.4302566516
-12.157134634	7.734375	-165.4185277697
-12.0538849522	7.73125	-165.4343700266
-11.9663520454	7.759375	-165.3895077738
-12.44690584	7.60625	-165.662633516
-11.8977938112	7.771875	-165.3700106041
-12.1680230229	7.69375	-165.5086314258
-12.0037151777	7.728125	-165.4340684466
-12.3763573936	7.64375	-165.6027423994
-12.1010593817	7.73125	-165.4564486684
-12.3511776734	7.640625	-165.602507705
-11.9227694259	7.778125	-165.3704959664
-11.8109872485	7.809375	-165.3027964547
-12.0975849401	7.7125	-165.4535435118
-11.9592192685	7.7875	-165.3472441383
-11.937126383	7.75625	-165.3814012648
