37.2	30.65	-42.0891621738
37.2	31.0875	-41.737335925
37.125	30.525	-42.2102513295
37.2	31.0875	-41.6944262272
37.05	30.4125	-42.1725006824
37.025	30.3625	-42.149242213
37.125	29.9	-42.6516466869
37.05	30.9625	-41.6587258745
37.2	31.175	-41.6407084781
37.075	30.375	-42.2063116799
37.275	30.9125	-41.9149458636
37.075	30.15	-42.3965216953
37.075	30.225	-42.2909913582
37.125	30.5625	-42.1148553468
37	30.6875	-41.8908181545
37.1	30.825	-41.8461164993
37.1	30.3375	-42.2823355404
37.2	30.975	-41.8122901486
37.175	30.35	-42.3196835344
37.2	30.3	-42.4266405368
37.05	30.3375	-42.2361426291
37.275	30.3625	-42.3796648821
37.15	31.05	-41.7004792137
37.05	30.4875	-42.1087304038
37.225	30.9375	-41.8892692679
37.225	30.9375	-41.8892692679
37.15	30.925	-41.8077699044
37.15	31.0375	-41.7327040907
37.075	30.425	-42.2063116799
37.175	31.0875	-41.6705876224
37.15	30.775	-41.9360460459
37.05	30.9125	-41.7449303555
37.2	30.575	-42.1527147871
37.25	30.925	-41.9021187634
37.125	30.5625	-42.1148553468
37.25	31.1125	-41.7205388517
37.175	31.2375	-41.5844744971
37.05	30.85	-41.8201698801
37.15	31.15	-41.743438537
37.1	31.025	-41.6742527661
